$ 1 0.000005 9.001713130052181 74 5 50
w 48 128 112 128 0
w 16 128 -64 128 0
r 112 128 160 128 0 2200
r -64 128 -64 176 0 100000
d 48 112 16 112 2 default
w 48 112 48 128 0
w 16 112 16 128 0
w 160 128 208 128 0
w -64 128 -64 96 0
R -64 96 -64 64 0 0 40 3.3 0 0 0.5
w -64 176 32 176 0
w 32 176 208 176 0
R 208 176 240 176 0 0 40 3.3 0 0 0.5
f 32 176 32 128 41 1.5 0.02
162 208 128 256 128 2 default-led 1 0 0 0.025
g 304 144 304 160 0
w 256 128 304 128 0
w 304 128 304 144 0
w 304 288 304 304 0
w 256 288 304 288 0
g 304 304 304 320 0
162 208 288 256 288 2 default-led 1 0 0 0.025
f 32 336 32 288 41 1.5 0.02
R 208 336 240 336 0 0 40 3.3 0 0 0.5
w 32 336 208 336 0
w -64 336 32 336 0
R -64 256 -64 224 0 0 40 3.3 0 0 0.5
w -64 288 -64 256 0
w 160 288 208 288 0
w 16 272 16 288 0
w 48 272 48 288 0
d 48 272 16 272 2 default
r -64 288 -64 336 0 100000
r 112 288 160 288 0 30
w 16 288 -64 288 0
w 48 288 112 288 0
403 128 208 256 272 0 28_64_0_4099_2.5_0.00009765625_0_2_28_3
403 144 48 272 112 0 7_64_0_4099_2.5_0.00009765625_0_2_7_3
w 512 128 544 128 0
w 480 128 448 128 0
r 544 128 592 128 0 100
r 448 128 448 176 0 100000
d 512 112 480 112 2 default
w 512 112 512 128 0
w 480 112 480 128 0
w 448 128 448 96 0
R 448 96 448 64 0 0 40 3.3 0 0 0.5
R 624 176 656 176 0 0 40 0 0 0 0.5
f 496 160 496 128 41 1.5 0.02
162 592 128 640 128 2 default-led 1 0 0 0.025
g 640 128 640 144 0
c 400 128 400 160 0 0.000001 3.3
c 352 128 352 160 0 0.000001 3.3
w 400 128 448 128 0
w 352 128 400 128 0
w 352 176 352 160 0
w 400 176 400 160 0
g 352 176 352 192 0
w 496 160 496 176 0
w 448 176 496 176 0
w 496 176 624 176 0
r 400 176 352 176 0 0.001
403 528 48 656 112 0 49_64_0_4099_2.5_0.0125_0_2_49_3
38 12 0 0 3.3 Voltage
38 47 0 0 3.3 Voltage
38 23 0 0 3.3 Voltage
