$ 1 0.000005 24.46919322642204 78 5 50
f 304 240 352 240 32 1.5 0.02
w 352 256 352 304 0
w 352 224 352 176 1
172 272 96 272 64 0 7 3.3 3.3 0 0 0.5 Drain Voltage
g 352 304 352 320 0
162 304 112 352 112 2 default-led 1 0 0 0.01
w 304 112 272 112 0
w 272 112 272 96 0
w 352 112 352 176 0
r 240 272 240 320 0 10000
r 176 240 240 240 0 330
w 240 240 240 272 0
w 240 240 304 240 0
w 240 320 304 320 0
w 304 320 304 304 0
w 304 304 352 304 0
d 384 304 384 176 2 default
w 352 304 384 304 0
w 384 176 352 176 0
d 352 176 272 176 2 default
w 272 176 272 112 0
R 176 240 128 240 0 1 300 3.3 0 0 0.5
o 0 64 0 4099 5 0.05 0 2 0 3
